diamond (1) = 486 324 60 60
diamond (10) = 486 385 60 60
diamond (11) = 547 324 60 60
diamond (12) = 729 162 60 60
diamond (13) = 648 243 60 60
diamond (14) = 608 324 60 60
diamond (15) = 547 385 60 60
diamond (16) = 486 446 60 60
diamond (17) = 709 243 60 60
diamond (18) = 790 162 60 60
diamond (19) = 547 446 60 60
diamond (2) = 608 385 60 60
diamond (20) = 669 304 60 60
diamond (21) = 770 223 60 60
diamond (22) = 669 365 60 60
diamond (23) = 730 304 60 60
diamond (24) = 608 446 60 60
diamond (25) = 730 365 60 60
diamond (26) = 791 284 60 60
diamond (27) = 669 426 60 60
diamond (28) = 791 345 60 60
diamond (29) = 730 426 60 60
diamond (3) = 791 406 60 60
diamond (30) = 0 486 60 60
diamond (31) = 0 547 60 60
diamond (32) = 61 486 60 60
diamond (33) = 122 486 60 60
diamond (34) = 61 547 60 60
diamond (35) = 0 608 60 60
diamond (36) = 0 669 60 60
diamond (37) = 61 608 60 60
diamond (38) = 122 547 60 60
diamond (39) = 183 486 60 60
diamond (4) = 0 730 60 60
diamond (40) = 61 669 60 60
diamond (41) = 183 547 60 60
diamond (42) = 122 608 60 60
diamond (43) = 244 486 60 60
diamond (44) = 244 547 60 60
diamond (45) = 183 608 60 60
diamond (46) = 122 669 60 60
diamond (47) = 305 486 60 60
diamond (48) = 61 730 60 60
diamond (49) = 244 608 60 60
diamond (5) = 183 669 60 60
diamond (50) = 122 730 60 60
diamond (51) = 366 486 60 60
diamond (52) = 305 547 60 60
diamond (53) = 183 730 60 60
diamond (54) = 366 547 60 60
diamond (55) = 305 608 60 60
diamond (56) = 244 669 60 60
diamond (57) = 427 507 60 60
diamond (58) = 366 608 60 60
diamond (59) = 305 669 60 60
diamond (6) = 244 730 60 60
diamond (60) = 427 568 60 60
diamond (7) = 488 507 60 60
diamond (8) = 305 730 60 60
diamond (9) = 366 669 60 60
health (1) = 810 0 50 50
health (10) = 810 51 50 50
health (11) = 810 102 50 50
health (12) = 549 507 50 50
health (13) = 488 568 50 50
health (14) = 427 629 50 50
health (15) = 366 730 50 50
health (16) = 478 629 50 50
health (17) = 427 680 50 50
health (18) = 549 558 50 50
health (19) = 600 507 50 50
health (2) = 366 781 50 50
health (20) = 669 487 50 50
health (21) = 417 731 50 50
health (22) = 600 558 50 50
health (23) = 539 609 50 50
health (24) = 478 680 50 50
health (25) = 590 609 50 50
health (26) = 529 660 50 50
health (27) = 417 782 50 50
health (28) = 468 731 50 50
health (29) = 651 538 50 50
health (3) = 720 487 50 50
health (4) = 529 711 50 50
health (5) = 702 538 50 50
health (6) = 651 589 50 50
health (7) = 580 660 50 50
health (8) = 468 782 50 50
health (9) = 771 487 50 50
rock (1) = 0 0 80 80
rock (10) = 81 0 80 80
rock (11) = 162 0 80 80
rock (12) = 0 81 80 80
rock (13) = 81 81 80 80
rock (14) = 0 162 80 80
rock (15) = 81 162 80 80
rock (16) = 162 81 80 80
rock (17) = 162 162 80 80
rock (18) = 243 0 80 80
rock (19) = 243 81 80 80
rock (2) = 324 0 80 80
rock (20) = 243 162 80 80
rock (21) = 324 81 80 80
rock (22) = 405 0 80 80
rock (23) = 405 81 80 80
rock (24) = 324 162 80 80
rock (25) = 405 162 80 80
rock (26) = 0 243 80 80
rock (27) = 81 243 80 80
rock (28) = 0 324 80 80
rock (29) = 162 243 80 80
rock (3) = 81 324 80 80
rock (30) = 0 405 80 80
rock (31) = 81 405 80 80
rock (32) = 243 243 80 80
rock (33) = 162 324 80 80
rock (34) = 324 243 80 80
rock (35) = 243 324 80 80
rock (36) = 162 405 80 80
rock (37) = 324 324 80 80
rock (38) = 243 405 80 80
rock (39) = 405 243 80 80
rock (4) = 405 324 80 80
rock (40) = 324 405 80 80
rock (41) = 405 405 80 80
rock (42) = 486 0 80 80
rock (43) = 567 0 80 80
rock (44) = 486 81 80 80
rock (45) = 648 0 80 80
rock (46) = 567 81 80 80
rock (47) = 486 162 80 80
rock (48) = 648 81 80 80
rock (49) = 567 162 80 80
rock (5) = 486 243 80 80
rock (6) = 729 0 80 80
rock (7) = 729 81 80 80
rock (8) = 648 162 80 80
rock (9) = 567 243 80 80
ufo (1) = 641 640 50 50
ufo (10) = 580 711 50 50
ufo (11) = 702 589 50 50
ufo (12) = 753 538 50 50
ufo (13) = 519 762 50 50
ufo (14) = 631 691 50 50
ufo (15) = 570 762 50 50
ufo (2) = 692 640 50 50
ufo (3) = 753 589 50 50
ufo (4) = 804 538 50 50
ufo (5) = 631 742 50 50
ufo (6) = 682 691 50 50
ufo (7) = 743 640 50 50
ufo (8) = 804 589 50 50
ufo (9) = 682 742 50 50
